Parameter 0 took 21.134384155273438 seconds
Parameter 1 took 20.869093656539917 seconds
Parameter 2 took 20.883055686950684 seconds
Parameter 3 took 21.25506019592285 seconds
Parameter 4 took 20.879068851470947 seconds
Parameter 5 took 20.85213804244995 seconds
Parameter 6 took 21.010714054107666 seconds
Parameter 7 took 20.848146438598633 seconds
  ====  ===  ====  =======  =======  ====
     1    0    10      2.3    0.145     0
     1    1    10      2.4    0.382     0
     1    2    10      2.3    0.145     1
     1    3    10      6.8    0.221     0
     1    4    10      2.3    0.145     1
     1    0    10      2.3    0.145     0
     1    1    10      2.3    0.145     1
     1    2    10      2.4    0.382     0
     1    3    10      2.4    0.382     1
     1    4    10      2.3    0.164     2
     1    0    10      2.3    0.145     0
     1    1    10      6.7    0.125     0
     1    2    10      1.5    0.090     1
     1    3    10     45.6    0.120     0
     1    4    10      8.8    0.109     1
     1    0    10      8.7    0.107     0
     1    1    10      6.6    0.298     1
     1    2    10     15.9    0.288     0
     1    3    10     41.3    0.401     0
     1    4    10     12.7    0.492     1
     1    0    10      6.8    0.127     0
     1    1    10     14.6    0.251     0
     1    2    10      8.8    0.193     1
     1    3    10     45.6    0.423     0
     1    4    10     45.6    0.535     1
     1    0    10     22.3    0.208     0
     1    1    10     45.6    0.170     0
     1    2    10     45.6    0.119     1
     1    3    10     39.2    0.154     2
     1    4    10      8.8    0.272     3
     1    0    10     45.6    0.139     0
     1    1    10      8.9    0.348     1
     1    2    10     45.6    0.143     2
     1    3    10     45.6    0.216     3
     1    4    10     45.6    0.219     4
     1    0    10     45.6    0.101     0
     1    1    10     45.6    0.214     1
     1    2    10     45.6    0.256     2
     1    3    10     45.6    0.450     3
     1    4    10     45.6    0.284     4
